   250.000  1.01016387153416  0.717507902830904  1.40787839067498  1.40280430636519
   270.000  1.00163174795944  0.720788814507252  1.38963275761178  1.40251712184768
   290.000  0.997460663509030  0.722311151727088  1.38092934204884  1.40292016951725
   310.000  1.01071906678690  0.717799609341898  1.40807971143028  1.40233617300317
   330.000  1.01235257865180  0.717325951684547  1.41128670484376  1.40219835692471
   350.000  1.00434828260108  0.719735786620991  1.39544024525484  1.40233458241311
   370.000  1.00991921271455  0.723406573581005  1.39606032015338  1.40187891112338
   390.000  1.00948040649616  0.725440770933580  1.39154076658394  1.40149792388905
   410.000  1.01391362120409  0.725995589145010  1.39658372084347  1.40107640052534
   430.000  1.02012510854623  0.727728372600777  1.40179378316730  1.40101922385830
   450.000  1.01909148456646  0.731432553750047  1.39328155322264  1.40089689269641
   470.000  1.02526341309119  0.736256217859481  1.39253616909605  1.40051788212181
   490.000  1.02336040302425  0.740678011813305  1.38165354810370  1.39997881177310
   510.000  1.03480389461836  0.744678928699595  1.38959738853549  1.39934143357926
   530.000  1.03443509841323  0.748395234111344  1.38220428359826  1.39887625822161
   550.000  1.03921017163202  0.751867613894483  1.38217174463624  1.39820328250337
   570.000  1.04398421491741  0.755681493412518  1.38151353978906  1.39762116320897
   590.000  1.05011296855705  0.760882329784174  1.38012531958117  1.39703281989587
   610.000  1.04906945080984  0.767317984715691  1.36718996779223  1.39624576736676
   630.000  1.05634350494766  0.772846755690245  1.36682142633078  1.39521528928830
   650.000  1.06515427061289  0.776829170285224  1.37115637691849  1.39435693139741
   670.000  1.07077183854453  0.780145836375912  1.37252778726436  1.39365930405780
   690.000  1.07208399461114  0.784369349712968  1.36681015774451  1.39292739295361
   710.000  1.07540456956271  0.789459198879261  1.36220411528473  1.39205735674014
   730.000  1.08058023612007  0.794528725066321  1.36002664476337  1.39114613506204
   750.000  1.08427337994935  0.799313188197370  1.35650630561298  1.39019638743983
   770.000  1.09037732933179  0.803985383854724  1.35621536314995  1.38923128039608
   790.000  1.09752003583164  0.808853892739759  1.35688292494224  1.38833851653036
   810.000  1.10146412558533  0.813882286666295  1.35334574007869  1.38744604331432
   830.000  1.10617661745836  0.818543520499108  1.35139621749600  1.38651003097270
   850.000  1.11064168742555  0.822680227984526  1.35002841887485  1.38559013957395
   870.000  1.11150469889939  0.826469732889904  1.34488252221023  1.38462513165393
   890.000  1.11640674521214  0.830228702149923  1.34469784328240  1.38361834584734
   910.000  1.12423596124395  0.834001157672404  1.34800287853503  1.38271692493029
   930.000  1.12896325968243  0.838255463477792  1.34680095611728  1.38188163548655
   950.000  1.13136830324378  0.843131463704534  1.34186464619977  1.38100677227972
   970.000  1.13337652518914  0.848216477129232  1.33618781967668  1.38003139667753
   990.000  1.13782029696764  0.852773536597000  1.33425844979679  1.37900912299006
   1010.00  1.14319330426099  0.856798094997678  1.33426219191592  1.37800955651775
   1030.00  1.14728063587564  0.860413940911933  1.33340544745203  1.37705017846036
   1050.00  1.14772089867514  0.863658034786432  1.32890664180407  1.37606399732142
   1070.00  1.15387128856726  0.866700969339157  1.33133725400938  1.37507623377383
   1090.00  1.16132475018795  0.869847390932346  1.33509022650880  1.37422826678962
   1110.00  1.15859420532841  0.873093029745235  1.32699971922406  1.37335711951236
   1130.00  1.16284665424543  0.876310485453457  1.32698018972546  1.37240263262225
   1150.00  1.17133870181672  0.879461718355385  1.33188139673339  1.37157004868076
   1170.00  1.17060085645901  0.882625288626858  1.32627160307197  1.37075693160089
   1190.00  1.16926474977449  0.885941490385572  1.31979906400547  1.36984019730766
   1210.00  1.17311229249828  0.889371522474713  1.31903514206757  1.36887150152570
   1230.00  1.18493874495235  0.892400055331149  1.32781115137049  1.36803000527652
   1250.00  1.17040746936982  0.894873220939261  1.30790311072372  1.36717363075261
   1270.00  1.18032720643571  0.897039666503117  1.31580269023880  1.36597028956796
   1290.00  1.29925741150433  0.899343428310723  1.44467327008191  1.36618876245645
   1310.00  1.22508455273495  0.901783027604724  1.35851365043869  1.36726500643559
   1330.00  1.07005739934786  0.904231590791865  1.18338864760384  1.36520758390095
   1350.00  1.17159668608270  0.906651235537638  1.29222422047211  1.36277941537060
   1370.00  1.22356574873479  0.909041437307930  1.34599557128915  1.36226936316859
   1390.00  1.19540837882377  0.911401260063649  1.31161589434305  1.36168291360754
   1410.00  1.19734532470763  0.913741264770758  1.31037676733142  1.36082280802707
   1430.00  1.20358281467625  0.916192615675980  1.31367879863147  1.36004619522549
   1450.00  1.20700564744064  0.918794475650392  1.31368404951089  1.35931347088755
   1470.00  1.20971946017621  0.921290856158092  1.31307008214638  1.35859606263423
   1490.00  1.21023081160189  0.923224612072261  1.31087364415624  1.35787946233115
   1510.00  1.20983877395097  0.924632794581505  1.30845323791327  1.35714230974826
   1530.00  1.21168647774821  0.926086503160987  1.30839448972898  1.35640815809653
   1550.00  1.21587901894775  0.927756257093247  1.31055868354607  1.35571009762845
   1570.00  1.22058671685672  0.930142376317262  1.31225793806903  1.35506793603671
   1590.00  1.22217202904221  0.934138335742496  1.30834158312406  1.35442873992400
   1610.00  1.21626736361122  0.939385518095120  1.29474783268701  1.35368151492964
   1630.00  1.22129810617730  0.941219526823845  1.29756987755937  1.35280338652016
   1650.00  1.26396144810474  0.938247661193390  1.34715118447199  1.35236009623510
   1670.00  1.23955692606593  0.934327364027682  1.32668374468073  1.35227759538663
   1690.00  1.18643685018742  0.936347278517375  1.26709061627865  1.35143466806086
   1710.00  1.22082440117189  0.943621307594533  1.29376519091541  1.35041576211642
   1730.00  1.24024799086680  0.945959560564988  1.31110043449008  1.34981907153441
   1750.00  1.23217941839742  0.940319528927997  1.31038373711344  1.34929062134971
   1770.00  1.22996184678253  0.951553997864409  1.29258229122358  1.34871392059562
